dic = {2702977:[(926150,0.0198694316205),(1003954,0.0133055148257),(1608366,0.0127095841139),(1776330,0.0110296460779),(2705759,0.00936691512447)],
711553:[(2778525,-1),(1244196,-2),(1386412,-3),(657183,-4),(2791339,-5)],
1499907:[(1679143,0.0214556208467),(915151,0.016238908376),(699006,0.0126266385675),(1411806,0.0120527804084),(2801020,0.0120527804084)],
2538629:[(587660,0.0040785372667),(2508062,0.0040785372667),(2756779,0.00382029430359),(1561143,0.00370615278378),(1301883,0.00330579126104)],
657287:[(2756779,0.0259214818948),(2461626,0.0235668172718),(296654,0.0223843349062),(1187844,0.014434768011),(2778525,0.0139071655622)],
2541064:[(2489151,0.0191574951044),(699006,0.011127119774),(845794,0.0104504411675),(2141141,0.00896693875092),(807419,0.00888167563837)],
2302346:[(1078851,0.0316354714173),(2228095,0.0314710444908),(915151,0.0299761681148),(699006,0.0276755706277),(784737,0.0221760689906)],
29708:[(1078851,0.00546098223303),(296654,0.00474308328845),(2791339,0.00415065719065),(2468811,0.00383071754336),(2786395,0.00374975869107)],
2057868:[(1266442,0.0237503381066),(2450694,0.0180266287385),(1262359,0.0153725588192),(2673351,0.0145449531726),(2047542,0.0137621407693)],
2674191:[(915151,0.0191274526885),(2778525,0.0169536448719),(79531,0.0137376724002),(1301883,0.0115339538029),(1366236,0.0108670717559)],
584466:[(205039,0.0347170723882),(323805,0.0333963316427),(1398047,0.0333963316427),(2450694,0.033089107417),(1921641,0.0272654431973)],
2003991:[(1776330,0.022863343687),(2580807,0.015944949857),(60344,0.0150181016334),(1919289,0.0133917022712),(304693,0.0133917022712)],
2877464:[(1960737,0.0164429862701),(1003954,0.01566576621),(1187844,0.0149262957273),(721214,0.0144362402353),(2450694,0.0134448542397)],
1970717:[(721214,0.0245357208054),(807419,0.0199552523909),(1860035,0.0177162969596),(265291,0.0177162969596),(2141141,0.0175579466251)],
2064670:[(591828,0.0320333935198),(79531,0.0291165870524),(1921641,0.0289164944484),(116630,0.0214244994707),(296654,0.0209154861971)],
237477:[(2756779,0.010206180101),(79531,0.00909732579292),(1960737,0.00876351204493),(2489151,0.00807229845173),(323805,0.00687624259415)],
1806502:[(2309898,0.0799033030828),(902758,0.0799033030828),(1836672,0.0799033030828),(2138292,0.0799033030828),(1047625,0.0799033030828)],
886698:[(2673351,0.0298406861823),(1921641,0.0266057271661),(1266442,0.0221499402045),(2228095,0.0207653396121),(807419,0.0182317725848)],
2371371:[(1960737,0.0215279778006),(2756779,0.00944205652137),(2489151,0.00932178828917),(1366236,0.0091617857224),(1521292,0.00913386668609)],
2462127:[(2778525,-1),(1244196,-2),(1386412,-3),(657183,-4),(2791339,-5)],
1096112:[(2778525,-1),(1244196,-2),(1386412,-3),(657183,-4),(2791339,-5)],
1869752:[(2651519,0.124279627393),(224117,0.124279627393),(213792,0.124279627393),(2468811,0.0130792828159),(807419,0.0101328421135)],
2431545:[(2778525,-1),(1244196,-2),(1386412,-3),(657183,-4),(2791339,-5)],
2462524:[(2756779,0.0179230765663),(1411806,0.0174615125196),(2801020,0.0174615125196),(1031833,0.0174615125196),(1561143,0.0173840322464)],
1313735:[(2047542,0.0271035908414),(1366236,0.0230700165783),(1776330,0.0218846316469),(699006,0.0137160469186),(845794,0.0114451279826)],
2353736:[(2489151,0.014932579123),(2228095,0.0149093903393),(123885,0.0135125297521),(296654,0.0100085181507),(2110288,0.0092898385923)],
1731019:[(1776330,0.0356508913012),(494081,0.0243407101745),(699006,0.0215960625899),(587660,0.0178448972039),(2508062,0.0178448972039)],
1219790:[(116630,0.0289056478328),(1921641,0.0262087200085),(1981683,0.0255005727303),(1860035,0.0243556593193),(265291,0.0243556593193)],
420176:[(2450694,0.0149327348566),(2228095,0.0149216632235),(735690,0.0127912384767),(926150,0.0116433695636),(2141141,0.00916591263734)],
2835411:[(2228095,0.0308557192627),(2489151,0.0173621600239),(2580807,0.0142284368302),(1921641,0.0138051937267),(807419,0.0128783451036)],
2838101:[(735690,0.0189125215876),(1561143,0.0181101015465),(2489151,0.0168598231238),(116630,0.0158963189591),(1187844,0.0153047476596)],
2125784:[(2110288,0.00847956633923),(587660,0.00609151454327),(2508062,0.00609151454327),(1366236,0.00607706737336),(1078851,0.00496419974612)],
546909:[(2778525,-1),(1244196,-2),(1386412,-3),(657183,-4),(2791339,-5)],
1659617:[(472040,0.02042996212),(2489151,0.0190977117667),(699006,0.0148438531126),(116630,0.0146368858176),(2580807,0.0118632103228)],
1604196:[(1679143,0.018072478865),(2461626,0.0172426816771),(1561143,0.0160865847656),(1921641,0.0101929210075),(123885,0.00947185792198)],
1672550:[(2489151,0.0286654876246),(1679143,0.0281848117699),(60344,0.0236091743258),(2673351,0.0222930598209),(1266442,0.0200397935693)],
1065961:[(1522825,0.297786719654),(1386412,0.297786719654),(1838145,0.297786719654),(2106311,0.281379698779),(926150,0.0161335085872)],
1341423:[(1838145,0.145069329899),(1386412,0.145069329899),(1522825,0.145069329899),(2791339,0.0765970454092),(1366236,0.0114531039439)],
2953213:[(2734753,0.0794865337803),(213504,0.0794865337803),(802795,0.0794865337803),(495939,0.0794865337803),(1958332,0.0794865337803)],
443890:[(1860035,0.0178514049169),(265291,0.0178514049169),(123885,0.0160612194981),(323805,0.0123997774587),(1398047,0.0123997774587)],
2876273:[(587660,0.00997504318826),(2508062,0.00997504318826),(1301883,0.00922061839079),(2489151,0.00878797508581),(1137663,0.00874802843266)],
782837:[(591828,0.0359101221431),(784737,0.0270663689445),(2228095,0.026605971928),(60344,0.025843814393),(2461626,0.0231511226242)],
307190:[(2779674,0.096045636076),(1728615,0.096045636076),(1980602,0.096045636076),(1619155,0.096045636076),(1825175,0.096045636076)],
679931:[(1301883,0.0230291073805),(1078851,0.0204746474013),(926150,0.0204725316024),(1921641,0.0161447449091),(1679143,0.0146684707029)],
535549:[(2778525,-1),(1244196,-2),(1386412,-3),(657183,-4),(2791339,-5)],
1135998:[(472040,0.0226403024524),(2110288,0.0177915599834),(807419,0.0166259377096),(1003954,0.0143622616136),(296654,0.0132150939729)],
}

def getDictionary():
	return dic